L=8 T=2
-111.652,0.0451437,12650.4,9.44172,1.68229e+08,222388,0.26772,4.02769,3444.83,2.27916,1.22988e+07,12458.2,
L=12 T=2
-251.372,0.0720327,63603.8,34.8703,4.14509e+09,4.22534e+06,36.0436,12.0885,17336.4,9.4684,3.06595e+08,272766,
L=16 T=2
-446.683,0.10686,200273,92.3681,4.0688e+10,3.52766e+07,-192.086,12.8922,54585.6,30.6002,3.01792e+09,2.66062e+06,
L=8 T=2.05
-109.254,0.0569283,12151.6,11.5045,1.56815e+08,255965,0.03994,3.16114,3332.65,3.1113,1.16429e+07,16003.2,
L=12 T=2.05
-245.768,0.0932882,60900.9,43.5155,3.82262e+09,4.95954e+06,-1.53924,11.4409,16694.3,14.0331,2.8684e+08,363286,
L=16 T=2.05
-436.871,0.116528,191751,98.2089,3.74291e+10,3.58336e+07,-93.2507,20.3025,52522.5,36.9903,2.81143e+09,3.04853e+06,
L=8 T=2.1
-106.654,0.061566,11626.9,12.0465,1.4538e+08,254184,0.8339,2.58375,3210.03,3.40095,1.0963e+07,16824.1,
L=12 T=2.1
-239.416,0.108674,57922.6,48.6634,3.48479e+09,5.15941e+06,29.583,9.78423,15921.7,17.4539,2.64537e+08,413913,
L=16 T=2.1
-425.65,0.143819,182262,117.477,3.3977e+10,4.0377e+07,18.8102,21.3862,50007.8,51.0282,2.57436e+09,3.86041e+06,
L=8 T=2.15
-103.569,0.0647834,11015.9,12.4181,1.32461e+08,254411,0.03976,1.94039,3057.35,3.79118,1.01495e+07,17758.9,
L=12 T=2.15
-232,0.136417,54542.6,58.9202,3.1203e+09,5.82852e+06,4.40262,8.29733,14975.1,24.659,2.39018e+08,535069,
L=16 T=2.15
-411.987,0.201696,171078,155.87,3.0142e+10,4.82661e+07,-3.77826,17.9644,46621.3,83.7078,2.28536e+09,5.42962e+06,
L=8 T=2.2
-100.401,0.072182,10408.4,13.1708,1.20305e+08,249967,1.46262,1.53572,2900.23,4.24066,9.35177e+06,18710.7,
L=12 T=2.2
-224.123,0.129905,51061.3,54.9077,2.7649e+09,5.23946e+06,-2.00598,6.26698,13954.4,23.2708,2.13005e+08,486048,
L=16 T=2.2
-396.763,0.214313,159024,161.81,2.62572e+10,4.80913e+07,-4.42322,14.345,42689.9,84.9868,1.97311e+09,5.28872e+06,
L=8 T=2.25
-96.8199,0.0704732,9738.36,12.8777,1.07366e+08,246344,-1.1009,1.29947,2718.8,4.044,8.47495e+06,17885.1,
L=12 T=2.25
-215.049,0.177264,47197.6,72.0986,2.39567e+09,6.42254e+06,-1.66818,4.13306,12705.9,31.8088,1.83857e+08,610201,
L=16 T=2.25
-379.558,0.272782,145934,197.988,2.23403e+10,5.45487e+07,11.2839,10.7462,37950.8,107.639,1.63305e+09,6.1541e+06,
L=8 T=2.3
-93.199,0.0824894,9081.96,14.2878,9.53626e+07,248418,3.57164,1.10277,2534.63,4.89377,7.62225e+06,19699.8,
L=12 T=2.3
-204.962,0.192381,43065.4,76.0052,2.02728e+09,6.39761e+06,-2.96638,2.98425,11282.4,36.132,1.5348e+08,644386,
L=16 T=2.3
-360.559,0.329249,132088,230.316,1.85161e+10,5.91261e+07,-7.43596,7.01153,32505.2,136.706,1.28473e+09,7.0662e+06,
L=8 T=2.35
-89.3392,0.083383,8405.42,14.4737,8.36378e+07,251390,1.17382,0.83756,2334.16,4.99937,6.75307e+06,20549.4,
L=12 T=2.35
-194.721,0.162839,39031,61.6004,1.69196e+09,4.8204e+06,-1.67328,2.08816,9812.89,31.427,1.2437e+08,517344,
L=16 T=2.35
-340.341,0.347539,118002,235.455,1.49399e+10,5.66771e+07,-1.35234,4.07061,26623,143.489,9.50292e+08,6.94739e+06,
L=8 T=2.4
-85.6625,0.0809128,7772.95,13.5585,7.30144e+07,223995,0.18528,0.621188,2148.48,4.84477,5.95311e+06,18500.1,
L=12 T=2.4
-184.939,0.163126,35318.1,60.9714,1.40359e+09,4.63893e+06,0.32374,1.73234,8446.8,30.3058,9.92858e+07,490522,
L=16 T=2.4
-321.687,0.323193,105564,209.284,1.20332e+10,4.6131e+07,1.145,3.53679,21375.1,135.475,6.81087e+08,5.75075e+06,
L=8 T=2.45
-81.7566,0.0877778,7126.44,14.3497,6.28226e+07,225956,-0.42944,0.47711,1948.94,4.99522,5.15256e+06,18731.4,
L=12 T=2.45
-175.33,0.175495,31814,63.0959,1.15056e+09,4.44737e+06,-0.69898,1.27436,7152.38,32.6763,7.71167e+07,492036,
L=16 T=2.45
-303.958,0.261698,94289.2,162.652,9.62938e+09,3.32904e+07,3.42312,2.27661,16644.5,104.337,4.65062e+08,4.05402e+06,
L=8 T=2.5
-78.0852,0.0882359,6539.69,13.8572,5.40951e+07,203097,-0.906,0.448426,1761.48,5.39091,4.44731e+06,18592.5,
L=12 T=2.5
-166.839,0.160925,28851.4,55.7014,9.53507e+08,3.68684e+06,0.72404,0.912158,6035.85,28.4472,5.97991e+07,404383,
L=16 T=2.5
-289.422,0.22606,85475.6,135.72,7.91333e+09,2.61118e+07,-4.33266,1.44731,13186.8,89.4371,3.23054e+08,3.23935e+06,
