0.50000  -0.39088
1.50000  2.04572
2.50000  1.01659
3.50000  0.85516
4.50000  0.81414
5.50000  0.76916
6.50000  0.68605
7.50000  0.71806
8.50000  0.69747
9.50000  0.65442
10.50000  0.65316
11.50000  0.65544
12.50000  0.63694
13.50000  0.61670
14.50000  0.62798
15.50000  0.61891
16.50000  0.58990
17.50000  0.60525
18.50000  0.59984
19.50000  0.58227
20.50000  0.57203
21.50000  0.58220
22.50000  0.57240
23.50000  0.55001
24.50000  0.56422
25.50000  0.55924
26.50000  0.54263
27.50000  0.54094
28.50000  0.54125
29.50000  0.53581
30.50000  0.51851
31.50000  0.52999
32.50000  0.52116
33.50000  0.50792
34.50000  0.51186
35.50000  0.47698
36.50000  0.41488
37.50000  0.37450
38.50000  0.35451
39.50000  0.32941
40.50000  0.30392
41.50000  0.29179
42.50000  0.27463
43.50000  0.25788
44.50000  0.24217
45.50000  0.23239
46.50000  0.21905
47.50000  0.20389
48.50000  0.19706
49.50000  0.18559
50.50000  0.17492
51.50000  0.16912
52.50000  0.16336
53.50000  0.15613
54.50000  0.14832
55.50000  0.14554
56.50000  0.13877
57.50000  0.13149